cpf
96702957424
18933722866
05516477441
12045518043
28579189764
17799098295
98398937424
93901174702
28145293405
92831398363
23719565467
86035392431
83289130703
96285615020
55355239501
42071102088
46826027216
07804201443
71764480198
92716036136
10814625746
73566498297
52172131679
93257423063
98049559890
73845865695
10684217970
27496882569
70402985540
89134998942
78492577231
40419741437
72854169590
97178915595
10603716938
08965787980
52765159807
07268570767
21998083357
06159551698
85584086886
34475184568
29596260600
51332474608
35815769371
71362188611
34419411953
54824440580
79365165300
00745009964
82868283560
03808869879
87324491510
22016768444
97466374107
12114293777